기간	자치구	동	전체인구	전체인구	전체인구	65세이상 인구	65세이상 인구	65세이상 인구	65세이상 인구	65세이상 인구	65세이상 인구	65세이상 인구	65세이상 인구	65세이상 인구
기간	자치구	동	전체인구	전체인구	전체인구	합계	합계	합계	내국인	내국인	내국인	외국인	외국인	외국인
기간	자치구	동	계	남자	여자	계	남자	여자	계	남자	여자	계	남자	여자
2019	합계	합계	10,010,983	4,877,725	5,133,258	1,485,272	656,595	828,677	1,478,664	653,108	825,556	6,608	3,487	3,121
2019	종로구	소계	161,869	78,215	83,654	27,519	12,162	15,357	27,318	12,049	15,269	201	113	88
2019	종로구	사직동	9,815	4,455	5,360	1,778	759	1,019	1,767	753	1,014	11	6	5
2019	종로구	삼청동	2,997	1,439	1,558	664	286	378	643	272	371	21	14	7
2019	종로구	부암동	10,551	5,045	5,506	1,762	776	986	1,756	772	984	6	4	2
2019	종로구	평창동	18,816	8,812	10,004	3,263	1,401	1,862	3,250	1,392	1,858	13	9	4
2019	종로구	무악동	8,740	4,078	4,662	1,413	597	816	1,413	597	816	-	-	-
2019	종로구	교남동	10,708	4,983	5,725	1,564	645	919	1,557	641	916	7	4	3
2019	종로구	가회동	4,488	2,084	2,404	919	381	538	913	376	537	6	5	1
2019	종로구	종로1.2.3.4가동	8,446	4,885	3,561	1,900	1,050	850	1,857	1,025	832	43	25	18
2019	종로구	종로5·6가동	5,839	3,173	2,666	1,117	537	580	1,115	537	578	2	-	2
2019	종로구	이화동	8,470	3,896	4,574	1,377	575	802	1,373	573	800	4	2	2
2019	종로구	창신1동	6,079	3,252	2,827	1,214	592	622	1,204	588	616	10	4	6
2019	종로구	창신2동	9,799	4,974	4,825	1,708	735	973	1,679	721	958	29	14	15
2019	종로구	창신3동	7,271	3,588	3,683	1,198	533	665	1,194	530	664	4	3	1
2019	종로구	숭인1동	6,532	3,196	3,336	1,159	505	654	1,154	503	651	5	2	3
2019	종로구	숭인2동	9,902	4,987	4,915	1,653	812	841	1,643	807	836	10	5	5
2019	종로구	청운효자동	12,981	6,076	6,905	2,202	912	1,290	2,178	899	1,279	24	13	11
2019	종로구	혜화동	20,435	9,292	11,143	2,628	1,066	1,562	2,622	1,063	1,559	6	3	3
2019	중구	소계	136,488	66,823	69,665	23,275	10,247	13,028	22,974	10,081	12,893	301	166	135
2019	중구	소공동	3,059	1,550	1,509	284	140	144	252	119	133	32	21	11
2019	중구	회현동	5,850	3,170	2,680	1,470	754	716	1,407	717	690	63	37	26
2019	중구	명동	3,567	1,573	1,994	750	276	474	721	261	460	29	15	14
2019	중구	필동	5,020	2,478	2,542	820	366	454	814	363	451	6	3	3
2019	중구	장충동	5,628	2,779	2,849	810	348	462	798	343	455	12	5	7
2019	중구	광희동	6,284	3,299	2,985	1,172	573	599	1,142	557	585	30	16	14
2019	중구	을지로동	2,007	1,202	805	489	279	210	478	273	205	11	6	5
2019	중구	신당5동	10,929	5,339	5,590	1,690	699	991	1,677	692	985	13	7	6
2019	중구	황학동	13,689	6,584	7,105	1,912	869	1,043	1,886	853	1,033	26	16	10
2019	중구	중림동	12,942	6,484	6,458	2,014	891	1,123	1,994	883	1,111	20	8	12
2019	중구	신당동	9,234	4,520	4,714	1,361	621	740	1,324	601	723	37	20	17
2019	중구	다산동	15,035	7,282	7,753	2,566	1,094	1,472	2,556	1,088	1,468	10	6	4
2019	중구	약수동	17,734	8,369	9,365	3,598	1,544	2,054	3,591	1,540	2,051	7	4	3
2019	중구	청구동	14,515	6,906	7,609	2,602	1,049	1,553	2,601	1,048	1,553	1	1	-
2019	중구	동화동	10,995	5,288	5,707	1,737	744	993	1,733	743	990	4	1	3
2019	용산구	소계	245,185	119,599	125,586	38,791	16,466	22,325	38,346	16,196	22,150	445	270	175
2019	용산구	후암동	18,445	8,987	9,458	3,005	1,214	1,791	2,976	1,196	1,780	29	18	11
2019	용산구	용산2가동	11,836	5,807	6,029	2,073	869	1,204	2,050	854	1,196	23	15	8
2019	용산구	남영동	8,412	5,061	3,351	1,611	948	663	1,592	938	654	19	10	9
2019	용산구	원효로2동	14,718	6,926	7,792	2,370	999	1,371	2,367	998	1,369	3	1	2
2019	용산구	효창동	10,300	4,921	5,379	1,421	593	828	1,416	589	827	5	4	1
2019	용산구	용문동	12,587	6,026	6,561	2,023	836	1,187	2,020	833	1,187	3	3	-
2019	용산구	이촌1동	29,255	13,756	15,499	4,412	1,839	2,573	4,370	1,809	2,561	42	30	12
2019	용산구	이촌2동	9,005	4,250	4,755	1,737	708	1,029	1,730	701	1,029	7	7	-
2019	용산구	이태원1동	9,222	4,842	4,380	1,580	603	977	1,545	587	958	35	16	19
2019	용산구	이태원2동	10,811	5,106	5,705	1,885	757	1,128	1,847	734	1,113	38	23	15
2019	용산구	서빙고동	14,102	6,811	7,291	2,060	850	1,210	2,028	827	1,201	32	23	9
2019	용산구	보광동	15,862	8,079	7,783	2,730	1,097	1,633	2,711	1,087	1,624	19	10	9
2019	용산구	청파동	20,661	9,669	10,992	3,300	1,348	1,952	3,277	1,339	1,938	23	9	14
2019	용산구	원효로1동	16,630	8,057	8,573	1,941	862	1,079	1,916	847	1,069	25	15	10
2019	용산구	한강로동	19,635	9,565	10,070	3,053	1,416	1,637	2,978	1,372	1,606	75	44	31
2019	용산구	한남동	23,704	11,736	11,968	3,590	1,527	2,063	3,523	1,485	2,038	67	42	25
2019	성동구	소계	308,979	150,861	158,118	43,947	19,181	24,766	43,796	19,100	24,696	151	81	70
2019	성동구	왕십리2동	17,744	8,627	9,117	2,483	1,076	1,407	2,476	1,071	1,405	7	5	2
2019	성동구	마장동	24,035	11,755	12,280	3,661	1,651	2,010	3,652	1,647	2,005	9	4	5
2019	성동구	사근동	13,543	6,721	6,822	1,453	627	826	1,446	622	824	7	5	2
2019	성동구	행당1동	16,463	7,966	8,497	2,324	1,021	1,303	2,320	1,019	1,301	4	2	2
2019	성동구	행당2동	24,640	11,580	13,060	3,575	1,513	2,062	3,572	1,512	2,060	3	1	2
2019	성동구	응봉동	16,188	7,674	8,514	2,456	1,018	1,438	2,456	1,018	1,438	-	-	-
2019	성동구	금호1가동	15,954	7,637	8,317	2,372	1,021	1,351	2,366	1,018	1,348	6	3	3
2019	성동구	금호4가동	15,227	7,305	7,922	2,222	915	1,307	2,218	913	1,305	4	2	2
2019	성동구	성수1가1동	17,168	8,606	8,562	2,079	946	1,133	2,068	940	1,128	11	6	5
2019	성동구	성수1가2동	14,735	7,320	7,415	1,943	877	1,066	1,937	875	1,062	6	2	4
2019	성동구	성수2가1동	17,722	9,213	8,509	2,736	1,241	1,495	2,722	1,232	1,490	14	9	5
2019	성동구	성수2가3동	11,682	5,971	5,711	1,768	840	928	1,758	834	924	10	6	4
2019	성동구	송정동	11,428	6,036	5,392	1,678	770	908	1,662	760	902	16	10	6
2019	성동구	용답동	13,290	6,962	6,328	2,124	967	1,157	2,103	958	1,145	21	9	12
2019	성동구	왕십리도선동	27,767	13,239	14,528	3,484	1,498	1,986	3,476	1,496	1,980	8	2	6
2019	성동구	금호2.3가동	24,171	11,503	12,668	3,783	1,571	2,212	3,777	1,568	2,209	6	3	3
2019	성동구	옥수동	27,222	12,746	14,476	3,806	1,629	2,177	3,787	1,617	2,170	19	12	7
2019	광진구	소계	366,972	176,917	190,055	47,902	21,360	26,542	47,681	21,249	26,432	221	111	110
2019	광진구	화양동	25,537	11,661	13,876	2,245	995	1,250	2,230	987	1,243	15	8	7
2019	광진구	군자동	22,109	10,864	11,245	2,845	1,286	1,559	2,833	1,283	1,550	12	3	9
2019	광진구	중곡1동	16,287	7,950	8,337	2,371	1,090	1,281	2,356	1,079	1,277	15	11	4
2019	광진구	중곡2동	22,564	10,787	11,777	3,054	1,358	1,696	3,048	1,355	1,693	6	3	3
2019	광진구	중곡3동	17,315	8,559	8,756	2,640	1,158	1,482	2,638	1,157	1,481	2	1	1
2019	광진구	중곡4동	30,516	15,005	15,511	4,731	2,122	2,609	4,725	2,120	2,605	6	2	4
2019	광진구	능동	11,978	5,538	6,440	1,530	676	854	1,525	673	852	5	3	2
2019	광진구	구의1동	23,063	11,009	12,054	2,965	1,286	1,679	2,955	1,284	1,671	10	2	8
2019	광진구	구의2동	27,902	13,443	14,459	4,031	1,773	2,258	4,025	1,770	2,255	6	3	3
2019	광진구	구의3동	30,094	14,354	15,740	3,734	1,675	2,059	3,728	1,671	2,057	6	4	2
2019	광진구	광장동	36,083	17,438	18,645	3,500	1,555	1,945	3,494	1,551	1,943	6	4	2
2019	광진구	자양1동	24,156	11,611	12,545	3,229	1,400	1,829	3,202	1,386	1,816	27	14	13
2019	광진구	자양2동	26,893	13,177	13,716	3,696	1,682	2,014	3,692	1,680	2,012	4	2	2
2019	광진구	자양3동	29,475	14,172	15,303	3,782	1,729	2,053	3,772	1,723	2,049	10	6	4
2019	광진구	자양4동	23,000	11,349	11,651	3,549	1,575	1,974	3,458	1,530	1,928	91	45	46
2019	동대문구	소계	363,023	178,490	184,533	59,350	26,397	32,953	59,170	26,316	32,854	180	81	99
2019	동대문구	회기동	13,114	5,903	7,211	1,502	615	887	1,496	611	885	6	4	2
2019	동대문구	휘경1동	16,508	7,973	8,535	2,428	1,067	1,361	2,422	1,065	1,357	6	2	4
2019	동대문구	휘경2동	25,068	12,356	12,712	3,753	1,680	2,073	3,750	1,678	2,072	3	2	1
2019	동대문구	청량리동	21,808	10,910	10,898	5,198	2,288	2,910	5,171	2,280	2,891	27	8	19
2019	동대문구	용신동	32,144	16,387	15,757	5,472	2,558	2,914	5,439	2,545	2,894	33	13	20
2019	동대문구	제기동	27,364	13,677	13,687	5,456	2,418	3,038	5,438	2,408	3,030	18	10	8
2019	동대문구	전농1동	31,075	15,583	15,492	5,360	2,377	2,983	5,338	2,364	2,974	22	13	9
2019	동대문구	전농2동	19,990	9,509	10,481	3,488	1,540	1,948	3,484	1,539	1,945	4	1	3
2019	동대문구	답십리1동	29,783	14,450	15,333	3,893	1,682	2,211	3,887	1,680	2,207	6	2	4
2019	동대문구	답십리2동	30,486	14,883	15,603	5,270	2,310	2,960	5,264	2,307	2,957	6	3	3
2019	동대문구	장안1동	39,153	19,499	19,654	5,919	2,785	3,134	5,897	2,778	3,119	22	7	15
2019	동대문구	장안2동	33,045	16,512	16,533	4,731	2,124	2,607	4,724	2,120	2,604	7	4	3
2019	동대문구	이문1동	22,311	10,544	11,767	3,221	1,364	1,857	3,211	1,359	1,852	10	5	5
2019	동대문구	이문2동	21,174	10,304	10,870	3,659	1,589	2,070	3,649	1,582	2,067	10	7	3
2019	중랑구	소계	402,024	199,006	203,018	65,164	29,136	36,028	65,065	29,087	35,978	99	49	50
2019	중랑구	면목2동	25,942	12,950	12,992	4,224	1,871	2,353	4,219	1,867	2,352	5	4	1
2019	중랑구	면목4동	20,052	9,959	10,093	3,528	1,508	2,020	3,519	1,501	2,018	9	7	2
2019	중랑구	면목5동	9,825	5,011	4,814	1,606	738	868	1,603	735	868	3	3	-
2019	중랑구	면목7동	22,200	11,054	11,146	3,939	1,776	2,163	3,936	1,775	2,161	3	1	2
2019	중랑구	상봉1동	25,499	12,447	13,052	3,444	1,484	1,960	3,437	1,481	1,956	7	3	4
2019	중랑구	상봉2동	19,844	9,678	10,166	2,806	1,316	1,490	2,801	1,314	1,487	5	2	3
2019	중랑구	중화1동	20,916	10,283	10,633	3,269	1,468	1,801	3,265	1,466	1,799	4	2	2
2019	중랑구	중화2동	27,274	14,043	13,231	4,778	2,184	2,594	4,760	2,178	2,582	18	6	12
2019	중랑구	묵1동	36,016	17,508	18,508	5,412	2,459	2,953	5,404	2,456	2,948	8	3	5
2019	중랑구	묵2동	19,901	9,771	10,130	3,247	1,464	1,783	3,239	1,462	1,777	8	2	6
2019	중랑구	망우3동	17,941	9,006	8,935	3,094	1,391	1,703	3,090	1,388	1,702	4	3	1
2019	중랑구	신내1동	40,854	19,959	20,895	6,265	2,773	3,492	6,260	2,770	3,490	5	3	2
2019	중랑구	신내2동	21,905	10,478	11,427	3,653	1,556	2,097	3,652	1,556	2,096	1	-	1
2019	중랑구	면목본동	36,195	17,948	18,247	5,729	2,513	3,216	5,724	2,511	3,213	5	2	3
2019	중랑구	면목3.8동	26,589	13,234	13,355	4,657	2,133	2,524	4,650	2,128	2,522	7	5	2
2019	중랑구	망우본동	31,071	15,677	15,394	5,513	2,502	3,011	5,506	2,499	3,007	7	3	4
2019	성북구	소계	454,744	219,099	235,645	70,850	30,498	40,352	70,699	30,429	40,270	151	69	82
2019	성북구	돈암1동	15,921	7,442	8,479	2,736	1,166	1,570	2,736	1,166	1,570	-	-	-
2019	성북구	돈암2동	25,028	11,979	13,049	3,249	1,384	1,865	3,245	1,383	1,862	4	1	3
2019	성북구	안암동	17,502	8,563	8,939	2,157	900	1,257	2,151	898	1,253	6	2	4
2019	성북구	보문동	16,653	8,036	8,617	2,340	981	1,359	2,331	976	1,355	9	5	4
2019	성북구	정릉1동	19,455	9,347	10,108	2,943	1,254	1,689	2,937	1,253	1,684	6	1	5
2019	성북구	정릉2동	23,834	11,608	12,226	4,182	1,833	2,349	4,171	1,827	2,344	11	6	5
2019	성북구	정릉3동	17,233	8,511	8,722	3,166	1,324	1,842	3,164	1,324	1,840	2	-	2
2019	성북구	정릉4동	26,792	12,962	13,830	4,596	2,005	2,591	4,592	2,003	2,589	4	2	2
2019	성북구	길음1동	37,082	17,659	19,423	4,264	1,758	2,506	4,256	1,755	2,501	8	3	5
2019	성북구	길음2동	16,620	8,069	8,551	2,378	1,029	1,349	2,377	1,028	1,349	1	1	-
2019	성북구	월곡1동	27,523	13,310	14,213	4,419	1,938	2,481	4,416	1,937	2,479	3	1	2
2019	성북구	월곡2동	20,509	9,913	10,596	3,410	1,504	1,906	3,403	1,502	1,901	7	2	5
2019	성북구	장위1동	20,592	10,068	10,524	3,581	1,549	2,032	3,575	1,547	2,028	6	2	4
2019	성북구	장위2동	13,972	6,943	7,029	3,037	1,344	1,693	3,028	1,341	1,687	9	3	6
2019	성북구	장위3동	17,580	8,770	8,810	2,338	1,078	1,260	2,338	1,078	1,260	-	-	-
2019	성북구	성북동	17,584	8,234	9,350	3,016	1,293	1,723	2,997	1,283	1,714	19	10	9
2019	성북구	삼선동	26,013	12,425	13,588	3,994	1,679	2,315	3,983	1,673	2,310	11	6	5
2019	성북구	동선동	16,276	6,739	9,537	2,201	925	1,276	2,183	913	1,270	18	12	6
2019	성북구	종암동	42,068	20,460	21,608	6,317	2,631	3,686	6,309	2,626	3,683	8	5	3
2019	성북구	석관동	36,507	18,061	18,446	6,526	2,923	3,603	6,507	2,916	3,591	19	7	12
2019	강북구	소계	317,695	154,638	163,057	60,577	26,032	34,545	60,474	25,981	34,493	103	51	52
2019	강북구	번1동	19,614	9,715	9,899	3,427	1,521	1,906	3,416	1,514	1,902	11	7	4
2019	강북구	번2동	17,102	8,303	8,799	3,813	1,514	2,299	3,808	1,513	2,295	5	1	4
2019	강북구	번3동	18,251	8,604	9,647	4,445	1,728	2,717	4,444	1,727	2,717	1	1	-
2019	강북구	수유1동	21,841	10,779	11,062	4,201	1,867	2,334	4,196	1,864	2,332	5	3	2
2019	강북구	수유2동	21,939	10,522	11,417	4,471	1,904	2,567	4,467	1,902	2,565	4	2	2
2019	강북구	수유3동	24,064	11,959	12,105	4,346	1,903	2,443	4,340	1,900	2,440	6	3	3
2019	강북구	삼양동	25,537	12,683	12,854	4,713	2,097	2,616	4,712	2,096	2,616	1	1	-
2019	강북구	미아동	22,814	10,933	11,881	4,243	1,839	2,404	4,228	1,832	2,396	15	7	8
2019	강북구	송중동	31,153	15,009	16,144	5,722	2,519	3,203	5,705	2,511	3,194	17	8	9
2019	강북구	송천동	28,628	14,211	14,417	5,817	2,549	3,268	5,801	2,540	3,261	16	9	7
2019	강북구	삼각산동	32,900	15,818	17,082	4,154	1,692	2,462	4,148	1,690	2,458	6	2	4
2019	강북구	우이동	21,391	10,393	10,998	4,557	1,999	2,558	4,550	1,994	2,556	7	5	2
2019	강북구	인수동	32,461	15,709	16,752	6,668	2,900	3,768	6,659	2,898	3,761	9	2	7
2019	도봉구	소계	335,631	163,961	171,670	58,714	26,286	32,428	58,664	26,258	32,406	50	28	22
2019	도봉구	쌍문1동	22,364	10,788	11,576	4,176	1,858	2,318	4,174	1,857	2,317	2	1	1
2019	도봉구	쌍문2동	20,025	9,717	10,308	3,639	1,576	2,063	3,635	1,573	2,062	4	3	1
2019	도봉구	쌍문3동	17,262	8,325	8,937	3,247	1,448	1,799	3,241	1,444	1,797	6	4	2
2019	도봉구	쌍문4동	19,811	9,441	10,370	2,743	1,222	1,521	2,740	1,220	1,520	3	2	1
2019	도봉구	방학1동	30,056	14,875	15,181	5,302	2,461	2,841	5,294	2,457	2,837	8	4	4
2019	도봉구	방학2동	21,140	10,677	10,463	4,083	1,843	2,240	4,080	1,842	2,238	3	1	2
2019	도봉구	방학3동	28,782	14,013	14,769	4,436	1,928	2,508	4,436	1,928	2,508	-	-	-
2019	도봉구	창1동	26,271	12,589	13,682	4,235	1,825	2,410	4,229	1,821	2,408	6	4	2
2019	도봉구	창2동	30,498	14,941	15,557	4,750	2,150	2,600	4,747	2,150	2,597	3	-	3
2019	도봉구	창3동	14,777	7,395	7,382	2,762	1,203	1,559	2,760	1,202	1,558	2	1	1
2019	도봉구	창4동	27,873	13,445	14,428	3,889	1,702	2,187	3,885	1,699	2,186	4	3	1
2019	도봉구	창5동	25,802	12,404	13,398	4,018	1,821	2,197	4,017	1,820	2,197	1	1	-
2019	도봉구	도봉1동	22,293	11,267	11,026	5,387	2,476	2,911	5,382	2,475	2,907	5	1	4
2019	도봉구	도봉2동	28,677	14,084	14,593	6,047	2,773	3,274	6,044	2,770	3,274	3	3	-
2019	노원구	소계	537,303	259,810	277,493	80,923	34,024	46,899	80,854	33,996	46,858	69	28	41
2019	노원구	월계1동	23,883	12,291	11,592	4,076	1,857	2,219	4,074	1,856	2,218	2	1	1
2019	노원구	월계2동	27,289	13,134	14,155	5,260	2,182	3,078	5,256	2,180	3,076	4	2	2
2019	노원구	월계3동	31,593	15,151	16,442	5,610	2,407	3,203	5,605	2,407	3,198	5	-	5
2019	노원구	공릉2동	41,071	20,038	21,033	4,904	2,201	2,703	4,896	2,198	2,698	8	3	5
2019	노원구	하계1동	29,305	14,150	15,155	4,086	1,502	2,584	4,083	1,501	2,582	3	1	2
2019	노원구	하계2동	23,318	11,150	12,168	2,995	1,187	1,808	2,991	1,185	1,806	4	2	2
2019	노원구	중계본동	25,875	12,681	13,194	2,546	1,091	1,455	2,544	1,090	1,454	2	1	1
2019	노원구	중계1동	28,061	13,735	14,326	2,229	922	1,307	2,227	921	1,306	2	1	1
2019	노원구	중계4동	21,324	10,311	11,013	3,806	1,497	2,309	3,801	1,495	2,306	5	2	3
2019	노원구	상계1동	40,121	19,497	20,624	6,458	2,912	3,546	6,445	2,906	3,539	13	6	7
2019	노원구	상계2동	21,220	10,474	10,746	3,115	1,449	1,666	3,113	1,448	1,665	2	1	1
2019	노원구	상계5동	25,483	12,403	13,080	4,787	2,032	2,755	4,786	2,031	2,755	1	1	-
2019	노원구	상계8동	23,953	11,536	12,417	2,653	1,098	1,555	2,651	1,097	1,554	2	1	1
2019	노원구	상계9동	21,919	10,458	11,461	3,149	1,332	1,817	3,146	1,330	1,816	3	2	1
2019	노원구	상계10동	16,619	7,662	8,957	2,138	902	1,236	2,138	902	1,236	-	-	-
2019	노원구	상계3.4동	25,818	12,835	12,983	5,657	2,431	3,226	5,653	2,430	3,223	4	1	3
2019	노원구	상계6.7동	34,648	16,115	18,533	4,593	1,881	2,712	4,589	1,880	2,709	4	1	3
2019	노원구	중계2.3동	36,763	17,066	19,697	6,914	2,528	4,386	6,912	2,527	4,385	2	1	1
2019	노원구	공릉1동	39,040	19,123	19,917	5,947	2,613	3,334	5,944	2,612	3,332	3	1	2
2019	은평구	소계	484,546	233,360	251,186	80,738	34,987	45,751	80,567	34,899	45,668	171	88	83
2019	은평구	녹번동	38,411	18,419	19,992	6,599	2,809	3,790	6,569	2,792	3,777	30	17	13
2019	은평구	불광1동	40,917	19,429	21,488	7,446	3,171	4,275	7,432	3,161	4,271	14	10	4
2019	은평구	갈현1동	24,536	11,977	12,559	4,276	1,891	2,385	4,270	1,888	2,382	6	3	3
2019	은평구	갈현2동	30,150	14,355	15,795	4,697	2,050	2,647	4,689	2,049	2,640	8	1	7
2019	은평구	구산동	33,804	16,827	16,977	5,827	2,846	2,981	5,822	2,843	2,979	5	3	2
2019	은평구	대조동	27,910	13,106	14,804	4,844	2,052	2,792	4,831	2,047	2,784	13	5	8
2019	은평구	응암1동	25,654	12,256	13,398	4,058	1,666	2,392	4,051	1,663	2,388	7	3	4
2019	은평구	응암2동	25,466	12,443	13,023	3,356	1,425	1,931	3,342	1,417	1,925	14	8	6
2019	은평구	신사1동	28,570	13,808	14,762	4,655	2,014	2,641	4,648	2,012	2,636	7	2	5
2019	은평구	신사2동	21,875	10,934	10,941	3,670	1,607	2,063	3,665	1,604	2,061	5	3	2
2019	은평구	증산동	16,172	7,942	8,230	2,979	1,329	1,650	2,974	1,326	1,648	5	3	2
2019	은평구	수색동	8,952	4,470	4,482	1,735	729	1,006	1,727	726	1,001	8	3	5
2019	은평구	진관동	58,006	27,248	30,758	7,590	3,282	4,308	7,580	3,277	4,303	10	5	5
2019	은평구	불광2동	29,552	14,386	15,166	5,614	2,437	3,177	5,602	2,430	3,172	12	7	5
2019	은평구	응암3동	26,081	12,746	13,335	5,423	2,278	3,145	5,412	2,272	3,140	11	6	5
2019	은평구	역촌동	48,490	23,014	25,476	7,969	3,401	4,568	7,953	3,392	4,561	16	9	7
2019	서대문구	소계	323,171	153,215	169,956	52,074	22,030	30,044	51,645	21,817	29,828	429	213	216
2019	서대문구	천연동	18,704	8,920	9,784	3,243	1,283	1,960	3,231	1,279	1,952	12	4	8
2019	서대문구	홍제1동	24,997	11,760	13,237	4,293	1,823	2,470	4,274	1,812	2,462	19	11	8
2019	서대문구	홍제3동	16,420	7,985	8,435	3,448	1,440	2,008	3,442	1,437	2,005	6	3	3
2019	서대문구	홍제2동	14,570	6,924	7,646	2,586	1,053	1,533	2,576	1,048	1,528	10	5	5
2019	서대문구	홍은1동	22,902	11,107	11,795	4,305	1,857	2,448	4,287	1,843	2,444	18	14	4
2019	서대문구	홍은2동	28,394	13,768	14,626	4,856	2,082	2,774	4,817	2,064	2,753	39	18	21
2019	서대문구	남가좌1동	16,918	8,160	8,758	2,167	918	1,249	2,152	911	1,241	15	7	8
2019	서대문구	남가좌2동	25,947	12,373	13,574	4,265	1,806	2,459	4,248	1,797	2,451	17	9	8
2019	서대문구	북가좌1동	19,160	9,273	9,887	2,861	1,237	1,624	2,854	1,235	1,619	7	2	5
2019	서대문구	북가좌2동	33,810	16,399	17,411	6,009	2,608	3,401	5,988	2,599	3,389	21	9	12
2019	서대문구	충현동	18,113	8,776	9,337	3,136	1,327	1,809	3,127	1,323	1,804	9	4	5
2019	서대문구	북아현동	17,525	8,337	9,188	2,268	912	1,356	2,252	905	1,347	16	7	9
2019	서대문구	신촌동	24,372	9,693	14,679	2,223	949	1,274	2,188	930	1,258	35	19	16
2019	서대문구	연희동	41,339	19,740	21,599	6,414	2,735	3,679	6,209	2,634	3,575	205	101	104
2019	마포구	소계	385,925	181,303	204,622	52,429	21,954	30,475	52,104	21,786	30,318	325	168	157
2019	마포구	용강동	22,441	10,655	11,786	2,839	1,178	1,661	2,818	1,169	1,649	21	9	12
2019	마포구	대흥동	13,575	6,196	7,379	1,871	759	1,112	1,851	749	1,102	20	10	10
2019	마포구	염리동	13,486	6,338	7,148	1,792	728	1,064	1,780	720	1,060	12	8	4
2019	마포구	신수동	23,877	11,605	12,272	3,216	1,369	1,847	3,208	1,365	1,843	8	4	4
2019	마포구	서교동	25,997	11,778	14,219	3,343	1,447	1,896	3,329	1,436	1,893	14	11	3
2019	마포구	합정동	19,153	8,879	10,274	2,614	1,118	1,496	2,604	1,110	1,494	10	8	2
2019	마포구	망원1동	21,856	10,279	11,577	3,310	1,365	1,945	3,299	1,362	1,937	11	3	8
2019	마포구	망원2동	19,386	9,196	10,190	2,890	1,242	1,648	2,884	1,239	1,645	6	3	3
2019	마포구	연남동	16,953	7,901	9,052	2,462	1,033	1,429	2,367	989	1,378	95	44	51
2019	마포구	성산1동	20,164	9,480	10,684	2,881	1,237	1,644	2,863	1,227	1,636	18	10	8
2019	마포구	성산2동	41,531	19,111	22,420	5,889	2,340	3,549	5,881	2,336	3,545	8	4	4
2019	마포구	상암동	32,882	15,686	17,196	3,771	1,627	2,144	3,756	1,619	2,137	15	8	7
2019	마포구	도화동	22,594	10,762	11,832	3,602	1,517	2,085	3,585	1,509	2,076	17	8	9
2019	마포구	서강동	26,163	12,275	13,888	3,068	1,321	1,747	3,060	1,316	1,744	8	5	3
2019	마포구	공덕동	40,509	19,253	21,256	5,920	2,443	3,477	5,890	2,427	3,463	30	16	14
2019	마포구	아현동	25,358	11,909	13,449	2,961	1,230	1,731	2,929	1,213	1,716	32	17	15
2019	양천구	소계	462,285	227,019	235,266	61,264	27,446	33,818	61,147	27,386	33,761	117	60	57
2019	양천구	목1동	32,173	15,456	16,717	2,907	1,329	1,578	2,897	1,324	1,573	10	5	5
2019	양천구	목2동	31,477	15,341	16,136	3,794	1,677	2,117	3,784	1,672	2,112	10	5	5
2019	양천구	목3동	23,095	11,115	11,980	3,050	1,308	1,742	3,039	1,304	1,735	11	4	7
2019	양천구	목4동	26,909	13,214	13,695	3,033	1,316	1,717	3,027	1,313	1,714	6	3	3
2019	양천구	신월1동	21,773	11,155	10,618	3,776	1,743	2,033	3,767	1,740	2,027	9	3	6
2019	양천구	신월2동	22,126	10,831	11,295	3,572	1,649	1,923	3,569	1,647	1,922	3	2	1
2019	양천구	신월3동	16,719	8,800	7,919	2,819	1,294	1,525	2,812	1,294	1,518	7	-	7
2019	양천구	신월4동	19,026	9,334	9,692	2,942	1,316	1,626	2,941	1,315	1,626	1	1	-
2019	양천구	신월5동	15,570	7,731	7,839	2,219	1,018	1,201	2,214	1,014	1,200	5	4	1
2019	양천구	신월6동	6,615	3,292	3,323	1,107	523	584	1,107	523	584	-	-	-
2019	양천구	신월7동	21,602	10,595	11,007	4,107	1,754	2,353	4,104	1,753	2,351	3	1	2
2019	양천구	신정1동	21,627	10,584	11,043	2,526	1,135	1,391	2,518	1,129	1,389	8	6	2
2019	양천구	신정2동	20,685	10,087	10,598	2,452	1,066	1,386	2,448	1,064	1,384	4	2	2
2019	양천구	신정3동	48,151	23,492	24,659	6,450	2,821	3,629	6,432	2,811	3,621	18	10	8
2019	양천구	신정6동	25,304	12,334	12,970	2,468	1,178	1,290	2,466	1,177	1,289	2	1	1
2019	양천구	신정7동	30,904	14,990	15,914	4,546	1,893	2,653	4,540	1,889	2,651	6	4	2
2019	양천구	목5동	42,948	21,214	21,734	3,969	1,874	2,095	3,967	1,872	2,095	2	2	-
2019	양천구	신정4동	35,581	17,454	18,127	5,527	2,552	2,975	5,515	2,545	2,970	12	7	5
2019	강서구	소계	598,273	289,691	308,582	84,077	37,157	46,920	83,839	37,014	46,825	238	143	95
2019	강서구	염창동	42,579	20,772	21,807	3,963	1,803	2,160	3,956	1,802	2,154	7	1	6
2019	강서구	등촌1동	23,717	11,208	12,509	2,663	1,157	1,506	2,659	1,155	1,504	4	2	2
2019	강서구	등촌2동	21,868	10,789	11,079	2,948	1,347	1,601	2,943	1,343	1,600	5	4	1
2019	강서구	등촌3동	32,506	15,439	17,067	6,050	2,489	3,561	6,039	2,486	3,553	11	3	8
2019	강서구	화곡본동	35,918	17,519	18,399	4,552	1,959	2,593	4,539	1,957	2,582	13	2	11
2019	강서구	화곡2동	19,487	9,450	10,037	2,721	1,218	1,503	2,712	1,213	1,499	9	5	4
2019	강서구	화곡3동	22,710	10,881	11,829	3,755	1,719	2,036	3,749	1,716	2,033	6	3	3
2019	강서구	화곡4동	22,044	10,801	11,243	3,533	1,566	1,967	3,520	1,560	1,960	13	6	7
2019	강서구	화곡6동	25,118	12,359	12,759	3,597	1,633	1,964	3,591	1,630	1,961	6	3	3
2019	강서구	화곡8동	26,509	12,759	13,750	4,060	1,810	2,250	4,040	1,799	2,241	20	11	9
2019	강서구	가양1동	34,154	16,001	18,153	2,786	1,335	1,451	2,737	1,289	1,448	49	46	3
2019	강서구	가양2동	15,140	7,172	7,968	3,640	1,535	2,105	3,639	1,534	2,105	1	1	-
2019	강서구	가양3동	16,199	7,606	8,593	3,369	1,291	2,078	3,362	1,287	2,075	7	4	3
2019	강서구	발산1동	38,507	18,331	20,176	4,383	1,886	2,497	4,378	1,881	2,497	5	5	-
2019	강서구	공항동	28,261	14,498	13,763	3,661	1,681	1,980	3,640	1,667	1,973	21	14	7
2019	강서구	방화1동	45,668	22,300	23,368	6,040	2,770	3,270	6,030	2,766	3,264	10	4	6
2019	강서구	방화2동	24,051	11,904	12,147	4,506	1,929	2,577	4,491	1,922	2,569	15	7	8
2019	강서구	방화3동	24,467	11,807	12,660	4,701	2,002	2,699	4,697	2,001	2,696	4	1	3
2019	강서구	화곡1동	54,562	26,601	27,961	7,812	3,564	4,248	7,786	3,546	4,240	26	18	8
2019	강서구	우장산동	44,808	21,494	23,314	5,337	2,463	2,874	5,331	2,460	2,871	6	3	3
2019	구로구	소계	439,371	219,602	219,769	65,779	30,089	35,690	64,932	29,619	35,313	847	470	377
2019	구로구	신도림동	37,188	18,200	18,988	4,312	2,030	2,282	4,302	2,026	2,276	10	4	6
2019	구로구	구로1동	22,097	10,894	11,203	2,279	1,081	1,198	2,273	1,079	1,194	6	2	4
2019	구로구	구로3동	26,290	13,433	12,857	3,281	1,456	1,825	3,224	1,426	1,798	57	30	27
2019	구로구	구로4동	26,219	13,282	12,937	4,323	1,922	2,401	4,190	1,851	2,339	133	71	62
2019	구로구	구로5동	33,426	16,428	16,998	4,398	2,036	2,362	4,302	1,974	2,328	96	62	34
2019	구로구	고척1동	24,182	12,117	12,065	4,033	1,853	2,180	4,019	1,845	2,174	14	8	6
2019	구로구	고척2동	28,950	14,370	14,580	4,716	2,145	2,571	4,696	2,132	2,564	20	13	7
2019	구로구	개봉2동	33,036	16,154	16,882	5,808	2,702	3,106	5,790	2,694	3,096	18	8	10
2019	구로구	개봉3동	22,005	10,764	11,241	3,848	1,767	2,081	3,835	1,761	2,074	13	6	7
2019	구로구	오류1동	23,295	11,402	11,893	3,705	1,722	1,983	3,694	1,717	1,977	11	5	6
2019	구로구	오류2동	53,500	26,039	27,461	7,618	3,434	4,184	7,580	3,414	4,166	38	20	18
2019	구로구	수궁동	24,890	12,350	12,540	3,989	1,789	2,200	3,979	1,783	2,196	10	6	4
2019	구로구	가리봉동	15,250	8,782	6,468	2,031	933	1,098	1,903	860	1,043	128	73	55
2019	구로구	구로2동	35,208	18,438	16,770	5,599	2,499	3,100	5,348	2,360	2,988	251	139	112
2019	구로구	개봉1동	33,835	16,949	16,886	5,839	2,720	3,119	5,797	2,697	3,100	42	23	19
2019	금천구	소계	251,820	128,954	122,866	37,660	17,184	20,476	37,196	16,937	20,259	464	247	217
2019	금천구	가산동	24,455	13,720	10,735	2,414	1,202	1,212	2,337	1,163	1,174	77	39	38
2019	금천구	독산1동	43,840	22,820	21,020	5,320	2,439	2,881	5,255	2,403	2,852	65	36	29
2019	금천구	독산2동	21,405	10,981	10,424	3,241	1,504	1,737	3,200	1,484	1,716	41	20	21
2019	금천구	독산3동	29,916	15,443	14,473	4,339	1,989	2,350	4,214	1,924	2,290	125	65	60
2019	금천구	독산4동	18,227	9,275	8,952	2,748	1,260	1,488	2,696	1,232	1,464	52	28	24
2019	금천구	시흥1동	36,706	18,486	18,220	5,803	2,608	3,195	5,749	2,579	3,170	54	29	25
2019	금천구	시흥2동	22,659	11,009	11,650	3,753	1,711	2,042	3,750	1,708	2,042	3	3	-
2019	금천구	시흥3동	11,524	5,787	5,737	2,195	1,019	1,176	2,188	1,015	1,173	7	4	3
2019	금천구	시흥4동	22,216	11,047	11,169	3,761	1,726	2,035	3,741	1,713	2,028	20	13	7
2019	금천구	시흥5동	20,872	10,386	10,486	4,086	1,726	2,360	4,066	1,716	2,350	20	10	10
2019	영등포구	소계	400,986	200,986	200,000	57,872	26,142	31,730	56,957	25,654	31,303	915	488	427
2019	영등포구	여의동	34,598	16,277	18,321	5,893	2,636	3,257	5,864	2,613	3,251	29	23	6
2019	영등포구	당산1동	21,524	10,561	10,963	3,212	1,440	1,772	3,193	1,430	1,763	19	10	9
2019	영등포구	당산2동	36,324	17,037	19,287	4,301	1,959	2,342	4,280	1,944	2,336	21	15	6
2019	영등포구	양평1동	18,263	9,120	9,143	2,401	1,036	1,365	2,382	1,029	1,353	19	7	12
2019	영등포구	양평2동	22,802	11,349	11,453	2,408	1,041	1,367	2,403	1,040	1,363	5	1	4
2019	영등포구	신길1동	19,750	10,122	9,628	3,252	1,418	1,834	3,178	1,374	1,804	74	44	30
2019	영등포구	신길3동	18,727	9,317	9,410	2,958	1,302	1,656	2,926	1,284	1,642	32	18	14
2019	영등포구	신길4동	9,985	5,078	4,907	1,806	778	1,028	1,771	759	1,012	35	19	16
2019	영등포구	신길5동	10,670	5,323	5,347	1,861	810	1,051	1,815	790	1,025	46	20	26
2019	영등포구	신길6동	19,434	9,634	9,800	3,101	1,396	1,705	3,062	1,377	1,685	39	19	20
2019	영등포구	신길7동	17,075	8,531	8,544	2,036	921	1,115	2,031	919	1,112	5	2	3
2019	영등포구	대림1동	16,332	8,430	7,902	2,781	1,234	1,547	2,693	1,183	1,510	88	51	37
2019	영등포구	대림2동	21,370	11,179	10,191	2,870	1,277	1,593	2,677	1,172	1,505	193	105	88
2019	영등포구	대림3동	28,638	14,696	13,942	4,107	1,865	2,242	4,003	1,817	2,186	104	48	56
2019	영등포구	영등포본동	24,813	12,785	12,028	3,856	1,782	2,074	3,781	1,745	2,036	75	37	38
2019	영등포구	영등포동	27,166	14,767	12,399	3,351	1,735	1,616	3,336	1,726	1,610	15	9	6
2019	영등포구	도림동	21,552	10,996	10,556	3,285	1,463	1,822	3,187	1,411	1,776	98	52	46
2019	영등포구	문래동	31,963	15,784	16,179	4,393	2,049	2,344	4,375	2,041	2,334	18	8	10
2019	동작구	소계	408,912	197,706	211,206	62,226	27,087	35,139	61,994	26,970	35,024	232	117	115
2019	동작구	노량진2동	13,789	7,100	6,689	2,604	1,162	1,442	2,581	1,149	1,432	23	13	10
2019	동작구	상도1동	48,153	23,171	24,982	6,625	2,846	3,779	6,609	2,841	3,768	16	5	11
2019	동작구	상도2동	29,270	14,038	15,232	4,252	1,853	2,399	4,234	1,847	2,387	18	6	12
2019	동작구	상도3동	26,041	12,500	13,541	4,165	1,790	2,375	4,154	1,781	2,373	11	9	2
2019	동작구	상도4동	29,893	14,593	15,300	4,685	1,985	2,700	4,673	1,979	2,694	12	6	6
2019	동작구	사당1동	24,026	11,459	12,567	3,550	1,647	1,903	3,537	1,641	1,896	13	6	7
2019	동작구	사당3동	26,034	12,644	13,390	4,195	1,933	2,262	4,191	1,931	2,260	4	2	2
2019	동작구	사당4동	14,921	7,142	7,779	2,489	1,086	1,403	2,487	1,084	1,403	2	2	-
2019	동작구	사당5동	12,886	6,237	6,649	1,980	856	1,124	1,976	856	1,120	4	-	4
2019	동작구	대방동	40,177	19,164	21,013	5,390	2,237	3,153	5,375	2,230	3,145	15	7	8
2019	동작구	신대방1동	26,599	12,993	13,606	3,518	1,572	1,946	3,442	1,531	1,911	76	41	35
2019	동작구	신대방2동	20,719	9,953	10,766	2,893	1,317	1,576	2,888	1,316	1,572	5	1	4
2019	동작구	흑석동	35,551	16,921	18,630	5,506	2,297	3,209	5,491	2,289	3,202	15	8	7
2019	동작구	노량진1동	32,563	16,142	16,421	5,419	2,313	3,106	5,410	2,309	3,101	9	4	5
2019	동작구	사당2동	28,290	13,649	14,641	4,955	2,193	2,762	4,946	2,186	2,760	9	7	2
2019	관악구	소계	517,334	259,194	258,140	75,194	33,591	41,603	74,787	33,390	41,397	407	201	206
2019	관악구	보라매동	26,496	12,956	13,540	4,224	1,859	2,365	4,196	1,847	2,349	28	12	16
2019	관악구	청림동	16,286	7,969	8,317	2,628	1,123	1,505	2,624	1,120	1,504	4	3	1
2019	관악구	행운동	30,061	14,590	15,471	4,135	1,838	2,297	4,125	1,834	2,291	10	4	6
2019	관악구	낙성대동	17,623	8,803	8,820	1,927	854	1,073	1,921	852	1,069	6	2	4
2019	관악구	중앙동	15,895	7,614	8,281	2,316	1,023	1,293	2,306	1,019	1,287	10	4	6
2019	관악구	인헌동	27,088	13,251	13,837	3,751	1,664	2,087	3,738	1,660	2,078	13	4	9
2019	관악구	남현동	18,980	9,116	9,864	2,605	1,216	1,389	2,599	1,213	1,386	6	3	3
2019	관악구	서원동	24,068	12,270	11,798	3,159	1,453	1,706	3,144	1,447	1,697	15	6	9
2019	관악구	신원동	19,742	9,912	9,830	3,086	1,316	1,770	3,059	1,298	1,761	27	18	9
2019	관악구	서림동	24,339	13,324	11,015	3,341	1,541	1,800	3,338	1,539	1,799	3	2	1
2019	관악구	신사동	25,960	13,068	12,892	3,379	1,515	1,864	3,293	1,470	1,823	86	45	41
2019	관악구	신림동	22,525	11,455	11,070	1,895	868	1,027	1,854	845	1,009	41	23	18
2019	관악구	난향동	16,394	8,086	8,308	2,668	1,184	1,484	2,664	1,181	1,483	4	3	1
2019	관악구	조원동	19,579	10,020	9,559	2,659	1,272	1,387	2,610	1,247	1,363	49	25	24
2019	관악구	대학동	24,457	14,546	9,911	2,687	1,246	1,441	2,684	1,246	1,438	3	-	3
2019	관악구	은천동	35,337	17,317	18,020	5,546	2,464	3,082	5,515	2,452	3,063	31	12	19
2019	관악구	성현동	31,175	15,083	16,092	5,160	2,198	2,962	5,153	2,194	2,959	7	4	3
2019	관악구	청룡동	34,440	16,548	17,892	4,113	1,879	2,234	4,082	1,864	2,218	31	15	16
2019	관악구	난곡동	28,912	14,557	14,355	5,033	2,243	2,790	5,021	2,238	2,783	12	5	7
2019	관악구	삼성동	25,226	12,665	12,561	5,530	2,386	3,144	5,527	2,385	3,142	3	1	2
2019	관악구	미성동	32,751	16,044	16,707	5,352	2,449	2,903	5,334	2,439	2,895	18	10	8
2019	서초구	소계	435,107	208,181	226,926	57,136	25,886	31,250	57,036	25,835	31,201	100	51	49
2019	서초구	서초1동	21,579	10,398	11,181	2,898	1,346	1,552	2,889	1,345	1,544	9	1	8
2019	서초구	서초2동	18,837	8,996	9,841	2,091	973	1,118	2,088	972	1,116	3	1	2
2019	서초구	서초3동	30,951	15,103	15,848	4,391	2,053	2,338	4,387	2,050	2,337	4	3	1
2019	서초구	서초4동	31,988	15,549	16,439	3,899	1,859	2,040	3,889	1,852	2,037	10	7	3
2019	서초구	잠원동	35,131	16,676	18,455	3,848	1,694	2,154	3,844	1,692	2,152	4	2	2
2019	서초구	반포본동	12,190	5,737	6,453	1,885	839	1,046	1,883	838	1,045	2	1	1
2019	서초구	반포1동	33,237	15,983	17,254	3,332	1,476	1,856	3,323	1,472	1,851	9	4	5
2019	서초구	반포2동	16,385	7,830	8,555	1,859	796	1,063	1,855	794	1,061	4	2	2
2019	서초구	반포3동	20,390	9,618	10,772	2,412	1,026	1,386	2,409	1,023	1,386	3	3	-
2019	서초구	반포4동	20,232	9,579	10,653	2,663	1,219	1,444	2,656	1,216	1,440	7	3	4
2019	서초구	방배본동	21,585	10,058	11,527	2,924	1,312	1,612	2,917	1,308	1,609	7	4	3
2019	서초구	방배1동	17,524	8,232	9,292	2,713	1,251	1,462	2,709	1,248	1,461	4	3	1
2019	서초구	방배2동	20,958	9,861	11,097	3,364	1,546	1,818	3,361	1,544	1,817	3	2	1
2019	서초구	방배3동	22,455	10,835	11,620	3,552	1,650	1,902	3,546	1,649	1,897	6	1	5
2019	서초구	방배4동	24,083	11,065	13,018	3,231	1,449	1,782	3,223	1,445	1,778	8	4	4
2019	서초구	양재1동	45,940	21,997	23,943	6,379	2,777	3,602	6,370	2,771	3,599	9	6	3
2019	서초구	양재2동	23,161	11,669	11,492	2,720	1,234	1,486	2,713	1,230	1,483	7	4	3
2019	서초구	내곡동	18,481	8,995	9,486	2,975	1,386	1,589	2,974	1,386	1,588	1	-	1
2019	강남구	소계	550,209	263,345	286,864	71,025	31,935	39,090	70,896	31,869	39,027	129	66	63
2019	강남구	신사동	17,546	8,177	9,369	2,900	1,288	1,612	2,891	1,283	1,608	9	5	4
2019	강남구	논현1동	23,792	11,100	12,692	2,869	1,283	1,586	2,864	1,282	1,582	5	1	4
2019	강남구	논현2동	21,904	10,200	11,704	2,972	1,313	1,659	2,964	1,308	1,656	8	5	3
2019	강남구	삼성1동	14,920	7,464	7,456	2,108	996	1,112	2,098	991	1,107	10	5	5
2019	강남구	삼성2동	30,674	14,649	16,025	3,251	1,439	1,812	3,247	1,436	1,811	4	3	1
2019	강남구	대치1동	25,302	12,704	12,598	2,199	1,062	1,137	2,192	1,061	1,131	7	1	6
2019	강남구	대치4동	20,822	9,840	10,982	1,956	839	1,117	1,954	839	1,115	2	-	2
2019	강남구	역삼1동	37,002	17,849	19,153	3,517	1,626	1,891	3,500	1,618	1,882	17	8	9
2019	강남구	역삼2동	37,336	17,533	19,803	3,479	1,538	1,941	3,473	1,535	1,938	6	3	3
2019	강남구	도곡1동	22,626	10,704	11,922	2,782	1,328	1,454	2,771	1,321	1,450	11	7	4
2019	강남구	도곡2동	34,437	16,008	18,429	4,415	2,148	2,267	4,407	2,143	2,264	8	5	3
2019	강남구	개포1동	6,920	3,345	3,575	1,507	710	797	1,506	710	796	1	-	1
2019	강남구	개포4동	18,405	9,041	9,364	2,260	1,038	1,222	2,254	1,036	1,218	6	2	4
2019	강남구	일원본동	24,399	11,982	12,417	2,618	1,169	1,449	2,618	1,169	1,449	-	-	-
2019	강남구	일원1동	16,438	8,024	8,414	3,015	1,291	1,724	3,007	1,287	1,720	8	4	4
2019	강남구	일원2동	18,160	8,753	9,407	3,001	1,195	1,806	3,001	1,195	1,806	-	-	-
2019	강남구	수서동	15,934	7,322	8,612	4,099	1,579	2,520	4,096	1,577	2,519	3	2	1
2019	강남구	세곡동	45,064	21,470	23,594	6,051	2,667	3,384	6,048	2,664	3,384	3	3	-
2019	강남구	압구정동	27,712	12,719	14,993	4,894	2,172	2,722	4,887	2,168	2,719	7	4	3
2019	강남구	청담동	30,120	14,187	15,933	3,998	1,817	2,181	3,994	1,815	2,179	4	2	2
2019	강남구	대치2동	38,647	19,625	19,022	4,335	2,088	2,247	4,329	2,083	2,246	6	5	1
2019	강남구	개포2동	22,049	10,649	11,400	2,799	1,349	1,450	2,795	1,348	1,447	4	1	3
2019	송파구	소계	682,741	330,412	352,329	87,334	40,350	46,984	87,182	40,272	46,910	152	78	74
2019	송파구	풍납1동	15,518	7,691	7,827	2,743	1,231	1,512	2,724	1,219	1,505	19	12	7
2019	송파구	풍납2동	25,288	12,022	13,266	3,419	1,594	1,825	3,416	1,594	1,822	3	-	3
2019	송파구	거여1동	13,221	6,734	6,487	2,165	1,020	1,145	2,162	1,019	1,143	3	1	2
2019	송파구	거여2동	16,921	8,312	8,609	3,007	1,305	1,702	3,007	1,305	1,702	-	-	-
2019	송파구	마천1동	20,764	10,597	10,167	3,990	1,815	2,175	3,983	1,813	2,170	7	2	5
2019	송파구	마천2동	20,242	10,254	9,988	3,843	1,716	2,127	3,837	1,714	2,123	6	2	4
2019	송파구	방이1동	16,524	7,970	8,554	2,023	953	1,070	2,018	951	1,067	5	2	3
2019	송파구	방이2동	26,044	12,441	13,603	3,248	1,500	1,748	3,239	1,497	1,742	9	3	6
2019	송파구	오륜동	18,864	9,274	9,590	2,375	1,163	1,212	2,374	1,162	1,212	1	1	-
2019	송파구	오금동	41,067	19,990	21,077	5,646	2,580	3,066	5,639	2,576	3,063	7	4	3
2019	송파구	송파1동	26,026	12,273	13,753	3,223	1,507	1,716	3,216	1,504	1,712	7	3	4
2019	송파구	송파2동	20,862	10,069	10,793	2,672	1,279	1,393	2,668	1,278	1,390	4	1	3
2019	송파구	석촌동	34,309	16,465	17,844	4,151	1,894	2,257	4,135	1,886	2,249	16	8	8
2019	송파구	삼전동	32,613	15,514	17,099	3,678	1,620	2,058	3,669	1,616	2,053	9	4	5
2019	송파구	가락본동	27,876	13,809	14,067	3,392	1,609	1,783	3,382	1,601	1,781	10	8	2
2019	송파구	가락1동	27,716	13,492	14,224	2,776	1,320	1,456	2,772	1,317	1,455	4	3	1
2019	송파구	가락2동	33,920	16,638	17,282	3,797	1,792	2,005	3,792	1,788	2,004	5	4	1
2019	송파구	문정1동	21,301	10,521	10,780	2,697	1,315	1,382	2,692	1,313	1,379	5	2	3
2019	송파구	문정2동	29,967	13,937	16,030	3,546	1,734	1,812	3,545	1,734	1,811	1	-	1
2019	송파구	장지동	33,055	16,028	17,027	4,124	1,783	2,341	4,122	1,781	2,341	2	2	-
2019	송파구	위례동	28,296	13,768	14,528	1,922	821	1,101	1,921	821	1,100	1	-	1
2019	송파구	잠실본동	29,628	14,012	15,616	3,475	1,563	1,912	3,457	1,552	1,905	18	11	7
2019	송파구	잠실4동	22,240	10,724	11,516	2,522	1,172	1,350	2,521	1,172	1,349	1	-	1
2019	송파구	잠실6동	17,441	8,332	9,109	2,577	1,236	1,341	2,575	1,234	1,341	2	2	-
2019	송파구	잠실7동	10,191	4,748	5,443	2,006	958	1,048	2,004	957	1,047	2	1	1
2019	송파구	잠실2동	36,809	17,607	19,202	3,245	1,441	1,804	3,241	1,439	1,802	4	2	2
2019	송파구	잠실3동	36,038	17,190	18,848	5,072	2,429	2,643	5,071	2,429	2,642	1	-	1
2019	강동구	소계	440,390	217,338	223,052	63,452	28,968	34,484	63,341	28,918	34,423	111	50	61
2019	강동구	강일동	32,127	15,534	16,593	4,527	2,018	2,509	4,522	2,017	2,505	5	1	4
2019	강동구	상일동	10,773	5,356	5,417	1,579	739	840	1,575	737	838	4	2	2
2019	강동구	명일1동	26,758	13,095	13,663	3,521	1,610	1,911	3,512	1,607	1,905	9	3	6
2019	강동구	명일2동	17,778	8,790	8,988	2,255	1,096	1,159	2,251	1,094	1,157	4	2	2
2019	강동구	고덕1동	27,079	13,754	13,325	2,652	1,188	1,464	2,647	1,187	1,460	5	1	4
2019	강동구	고덕2동	19,345	9,889	9,456	2,372	1,139	1,233	2,371	1,139	1,232	1	-	1
2019	강동구	암사2동	14,774	7,208	7,566	2,123	974	1,149	2,120	973	1,147	3	1	2
2019	강동구	암사3동	18,693	9,148	9,545	2,368	1,141	1,227	2,364	1,139	1,225	4	2	2
2019	강동구	천호1동	28,400	13,987	14,413	4,789	2,148	2,641	4,781	2,143	2,638	8	5	3
2019	강동구	천호3동	27,996	13,805	14,191	4,479	2,051	2,428	4,468	2,047	2,421	11	4	7
2019	강동구	성내1동	20,561	9,953	10,608	2,821	1,298	1,523	2,818	1,296	1,522	3	2	1
2019	강동구	성내2동	25,186	12,462	12,724	3,990	1,821	2,169	3,978	1,814	2,164	12	7	5
2019	강동구	성내3동	23,921	11,825	12,096	3,432	1,529	1,903	3,431	1,528	1,903	1	1	-
2019	강동구	둔촌1동	283	134	149	94	35	59	93	34	59	1	1	-
2019	강동구	둔촌2동	27,752	13,701	14,051	4,010	1,877	2,133	4,009	1,876	2,133	1	1	-
2019	강동구	암사1동	36,693	18,145	18,548	5,623	2,472	3,151	5,609	2,466	3,143	14	6	8
2019	강동구	천호2동	35,904	17,865	18,039	5,692	2,581	3,111	5,672	2,571	3,101	20	10	10
2019	강동구	길동	46,367	22,687	23,680	7,125	3,251	3,874	7,120	3,250	3,870	5	1	4