기간	자치구	동	전체인구	전체인구	전체인구	65세이상 인구	65세이상 인구	65세이상 인구
기간	자치구	동	전체인구	전체인구	전체인구	내국인	내국인	내국인
기간	자치구	동	계	남자	여자	계	남자	여자
2010	합계	합계	10,575,447	5,236,742	5,338,705	1,002,770	433,322	569,448
2010	종로구	소계	179,362	89,252	90,110	22,311	9,724	12,587
2010	종로구	사직동	10,668	5,073	5,595	1,524	645	879
2010	종로구	삼청동	3,706	1,810	1,896	587	252	335
2010	종로구	부암동	11,648	5,751	5,897	1,534	710	824
2010	종로구	평창동	19,921	9,573	10,348	2,488	1,043	1,445
2010	종로구	무악동	8,754	4,202	4,552	1,045	447	598
2010	종로구	교남동	9,324	4,590	4,734	1,251	547	704
2010	종로구	가회동	5,857	2,812	3,045	874	361	513
2010	종로구	종로1.2.3.4가동	9,155	5,225	3,930	1,494	758	736
2010	종로구	종로5·6가동	6,640	3,519	3,121	886	404	482
2010	종로구	이화동	9,991	4,819	5,172	1,082	436	646
2010	종로구	혜화동	12,996	6,270	6,726	1,360	582	778
2010	종로구	명륜3가동	7,221	3,750	3,471	845	357	488
2010	종로구	창신1동	8,664	4,417	4,247	927	426	501
2010	종로구	창신2동	12,365	6,253	6,112	1,381	579	802
2010	종로구	창신3동	8,790	4,385	4,405	921	391	530
2010	종로구	숭인1동	8,216	4,097	4,119	835	365	470
2010	종로구	숭인2동	9,554	4,981	4,573	1,275	591	684
2010	종로구	청운효자동	15,892	7,725	8,167	2,002	830	1,172
2010	중구	소계	141,200	70,908	70,292	17,315	7,335	9,980
2010	중구	소공동	1,658	914	744	147	62	85
2010	중구	회현동	6,394	3,539	2,855	1,077	526	551
2010	중구	명동	4,140	1,969	2,171	576	206	370
2010	중구	필동	5,241	2,754	2,487	691	287	404
2010	중구	장충동	6,200	3,108	3,092	688	301	387
2010	중구	광희동	6,813	3,592	3,221	859	396	463
2010	중구	을지로동	2,123	1,306	817	383	199	184
2010	중구	신당1동	10,326	5,189	5,137	1,031	437	594
2010	중구	신당2동	17,143	8,426	8,717	1,950	817	1,133
2010	중구	신당3동	19,893	9,620	10,273	2,545	1,052	1,493
2010	중구	신당4동	16,373	7,884	8,489	1,961	789	1,172
2010	중구	신당5동	8,470	4,298	4,172	1,067	422	645
2010	중구	신당6동	9,804	4,826	4,978	1,101	455	646
2010	중구	황학동	13,541	6,893	6,648	1,455	610	845
2010	중구	중림동	13,081	6,590	6,491	1,784	776	1,008
2010	용산구	소계	257,143	125,832	131,311	30,770	12,918	17,852
2010	용산구	후암동	20,907	10,428	10,479	2,460	1,022	1,438
2010	용산구	용산2가동	14,340	7,054	7,286	1,736	696	1,040
2010	용산구	남영동	8,442	4,925	3,517	1,151	613	538
2010	용산구	원효로2동	16,436	7,848	8,588	1,787	710	1,077
2010	용산구	효창동	11,532	5,602	5,930	1,330	558	772
2010	용산구	용문동	13,603	6,689	6,914	1,514	651	863
2010	용산구	이촌1동	28,935	13,654	15,281	3,289	1,370	1,919
2010	용산구	이촌2동	10,665	5,122	5,543	1,418	546	872
2010	용산구	이태원1동	10,685	5,097	5,588	1,386	523	863
2010	용산구	이태원2동	11,817	5,628	6,189	1,736	718	1,018
2010	용산구	서빙고동	11,927	5,748	6,179	1,702	724	978
2010	용산구	보광동	19,336	9,404	9,932	2,228	924	1,304
2010	용산구	청파동	24,895	12,071	12,824	2,626	1,093	1,533
2010	용산구	원효로1동	11,254	5,644	5,610	1,214	524	690
2010	용산구	한강로동	16,929	8,504	8,425	2,263	1,018	1,245
2010	용산구	한남동	25,440	12,414	13,026	2,930	1,228	1,702
2010	성동구	소계	316,892	158,771	158,121	31,989	13,648	18,341
2010	성동구	왕십리2동	19,161	9,539	9,622	1,943	839	1,104
2010	성동구	마장동	26,341	13,241	13,100	2,651	1,100	1,551
2010	성동구	사근동	11,629	6,117	5,512	1,189	544	645
2010	성동구	행당1동	18,578	9,146	9,432	1,955	826	1,129
2010	성동구	행당2동	26,060	12,529	13,531	2,397	991	1,406
2010	성동구	응봉동	17,670	8,497	9,173	1,837	796	1,041
2010	성동구	금호1가동	16,218	7,909	8,309	1,780	718	1,062
2010	성동구	금호4가동	15,550	7,645	7,905	1,637	673	964
2010	성동구	성수1가1동	19,041	9,807	9,234	1,500	659	841
2010	성동구	성수1가2동	19,323	9,840	9,483	1,624	718	906
2010	성동구	성수2가1동	22,408	11,615	10,793	1,946	828	1,118
2010	성동구	성수2가3동	12,467	6,465	6,002	1,195	534	661
2010	성동구	송정동	13,072	6,871	6,201	1,133	491	642
2010	성동구	용답동	18,050	9,434	8,616	1,806	815	991
2010	성동구	왕십리도선동	13,504	6,734	6,770	1,673	716	957
2010	성동구	금호2.3가동	22,954	11,183	11,771	2,792	1,166	1,626
2010	성동구	옥수동	24,866	12,199	12,667	2,931	1,234	1,697
2010	광진구	소계	388,775	192,053	196,722	32,034	14,053	17,981
2010	광진구	화양동	24,387	11,954	12,433	1,790	801	989
2010	광진구	군자동	22,670	11,458	11,212	2,054	913	1,141
2010	광진구	중곡1동	17,795	8,772	9,023	1,568	719	849
2010	광진구	중곡2동	23,207	11,437	11,770	1,938	870	1,068
2010	광진구	중곡3동	19,906	9,947	9,959	1,726	769	957
2010	광진구	중곡4동	32,347	16,078	16,269	2,927	1,251	1,676
2010	광진구	능동	11,173	5,321	5,852	1,011	457	554
2010	광진구	구의1동	24,150	11,641	12,509	2,008	907	1,101
2010	광진구	구의2동	27,158	13,440	13,718	2,553	1,108	1,445
2010	광진구	구의3동	30,611	14,843	15,768	2,434	1,064	1,370
2010	광진구	광장동	35,801	17,463	18,338	2,508	1,033	1,475
2010	광진구	자양1동	27,484	13,622	13,862	2,255	1,000	1,255
2010	광진구	자양2동	29,673	14,883	14,790	2,388	1,069	1,319
2010	광진구	자양3동	32,717	16,155	16,562	2,276	931	1,345
2010	광진구	자양4동	29,696	15,039	14,657	2,598	1,161	1,437
2010	동대문구	소계	379,343	190,317	189,026	42,524	18,746	23,778
2010	동대문구	회기동	12,183	5,820	6,363	1,206	507	699
2010	동대문구	휘경1동	18,372	9,122	9,250	1,926	868	1,058
2010	동대문구	휘경2동	24,411	12,049	12,362	2,371	1,059	1,312
2010	동대문구	청량리동	26,081	13,108	12,973	3,975	1,705	2,270
2010	동대문구	용신동	34,512	17,877	16,635	4,376	2,007	2,369
2010	동대문구	제기동	29,788	15,089	14,699	3,972	1,763	2,209
2010	동대문구	전농1동	28,861	14,884	13,977	3,851	1,730	2,121
2010	동대문구	전농2동	20,246	9,932	10,314	2,342	1,025	1,317
2010	동대문구	답십리1동	21,399	10,766	10,633	2,472	1,070	1,402
2010	동대문구	답십리2동	32,853	16,284	16,569	3,573	1,548	2,025
2010	동대문구	장안1동	37,804	19,052	18,752	3,498	1,590	1,908
2010	동대문구	장안2동	33,188	16,786	16,402	2,987	1,300	1,687
2010	동대문구	이문1동	35,114	17,465	17,649	3,598	1,538	2,060
2010	동대문구	이문2동	24,531	12,083	12,448	2,377	1,036	1,341
2010	중랑구	소계	432,302	216,255	216,047	41,803	18,160	23,643
2010	중랑구	면목2동	29,536	14,950	14,586	2,729	1,145	1,584
2010	중랑구	면목4동	23,804	11,724	12,080	2,281	1,012	1,269
2010	중랑구	면목5동	14,764	7,563	7,201	1,495	662	833
2010	중랑구	면목7동	26,701	13,305	13,396	2,598	1,134	1,464
2010	중랑구	상봉1동	26,446	13,081	13,365	2,267	917	1,350
2010	중랑구	상봉2동	19,006	9,615	9,391	1,994	906	1,088
2010	중랑구	중화1동	22,486	11,177	11,309	1,934	857	1,077
2010	중랑구	중화2동	32,147	16,525	15,622	3,375	1,526	1,849
2010	중랑구	묵1동	35,076	17,290	17,786	3,391	1,520	1,871
2010	중랑구	묵2동	20,534	10,323	10,211	2,074	923	1,151
2010	중랑구	망우3동	19,935	10,037	9,898	1,970	873	1,097
2010	중랑구	신내1동	32,769	16,229	16,540	3,082	1,306	1,776
2010	중랑구	신내2동	25,749	12,609	13,140	2,366	947	1,419
2010	중랑구	면목본동	37,897	18,905	18,992	3,551	1,573	1,978
2010	중랑구	면목3.8동	30,535	15,306	15,229	3,128	1,340	1,788
2010	중랑구	망우본동	34,917	17,616	17,301	3,568	1,519	2,049
2010	성북구	소계	497,692	245,659	252,033	53,113	22,930	30,183
2010	성북구	돈암1동	17,240	8,336	8,904	1,905	788	1,117
2010	성북구	돈암2동	24,527	11,920	12,607	2,294	957	1,337
2010	성북구	안암동	18,591	9,402	9,189	1,781	755	1,026
2010	성북구	보문동	16,487	8,234	8,253	1,848	803	1,045
2010	성북구	정능1동	21,401	10,228	11,173	2,242	925	1,317
2010	성북구	정능2동	25,131	12,457	12,674	2,856	1,253	1,603
2010	성북구	정능3동	18,909	9,455	9,454	2,363	984	1,379
2010	성북구	정능4동	28,451	14,009	14,442	3,094	1,364	1,730
2010	성북구	길음1동	36,642	17,868	18,774	3,025	1,298	1,727
2010	성북구	길음2동	20,628	10,152	10,476	2,343	990	1,353
2010	성북구	월곡1동	29,368	14,626	14,742	2,986	1,298	1,688
2010	성북구	월곡2동	21,799	10,747	11,052	2,413	1,086	1,327
2010	성북구	장위1동	27,593	13,774	13,819	2,834	1,252	1,582
2010	성북구	장위2동	24,159	12,208	11,951	2,762	1,220	1,542
2010	성북구	장위3동	20,283	10,398	9,885	2,322	1,044	1,278
2010	성북구	성북동	19,953	9,586	10,367	2,605	1,140	1,465
2010	성북구	삼선동	27,999	13,637	14,362	3,136	1,298	1,838
2010	성북구	동선동	16,299	7,447	8,852	1,848	790	1,058
2010	성북구	종암동	43,371	21,620	21,751	4,334	1,839	2,495
2010	성북구	석관동	38,861	19,555	19,306	4,122	1,846	2,276
2010	강북구	소계	350,007	173,373	176,634	41,641	18,387	23,254
2010	강북구	번1동	21,233	10,483	10,750	2,376	1,100	1,276
2010	강북구	번2동	20,722	10,217	10,505	2,563	1,116	1,447
2010	강북구	번3동	21,776	10,570	11,206	3,011	1,328	1,683
2010	강북구	수유1동	24,012	12,051	11,961	2,887	1,289	1,598
2010	강북구	수유2동	23,915	11,821	12,094	3,160	1,381	1,779
2010	강북구	수유3동	24,344	12,095	12,249	3,063	1,397	1,666
2010	강북구	삼양동	33,296	16,649	16,647	3,610	1,547	2,063
2010	강북구	미아동	24,967	12,519	12,448	2,801	1,264	1,537
2010	강북구	송중동	35,907	17,509	18,398	4,199	1,897	2,302
2010	강북구	송천동	33,145	16,612	16,533	4,052	1,798	2,254
2010	강북구	삼각산동	30,654	15,102	15,552	2,464	986	1,478
2010	강북구	우이동	22,023	11,052	10,971	3,067	1,353	1,714
2010	강북구	인수동	34,013	16,693	17,320	4,388	1,931	2,457
2010	도봉구	소계	370,734	183,283	187,451	38,185	16,632	21,553
2010	도봉구	쌍문1동	22,851	11,200	11,651	2,680	1,216	1,464
2010	도봉구	쌍문2동	21,785	10,725	11,060	2,413	1,032	1,381
2010	도봉구	쌍문3동	18,823	9,201	9,622	2,145	962	1,183
2010	도봉구	쌍문4동	22,037	10,668	11,369	1,889	744	1,145
2010	도봉구	방학1동	32,894	16,465	16,429	3,124	1,425	1,699
2010	도봉구	방학2동	24,805	12,532	12,273	2,625	1,119	1,506
2010	도봉구	방학3동	32,721	16,102	16,619	2,870	1,148	1,722
2010	도봉구	창1동	29,430	14,366	15,064	2,955	1,239	1,716
2010	도봉구	창2동	31,716	15,685	16,031	2,954	1,299	1,655
2010	도봉구	창3동	16,627	8,396	8,231	1,753	767	986
2010	도봉구	창4동	31,369	15,221	16,148	2,725	1,099	1,626
2010	도봉구	창5동	28,458	14,018	14,440	2,587	1,132	1,455
2010	도봉구	도봉1동	25,355	12,850	12,505	3,537	1,677	1,860
2010	도봉구	도봉2동	31,863	15,854	16,009	3,928	1,773	2,155
2010	노원구	소계	615,425	301,141	314,284	56,977	22,655	34,322
2010	노원구	월계1동	24,907	12,641	12,266	2,612	1,194	1,418
2010	노원구	월계2동	31,767	15,567	16,200	3,548	1,377	2,171
2010	노원구	월계3동	36,853	17,993	18,860	3,673	1,480	2,193
2010	노원구	공릉2동	46,946	23,330	23,616	3,508	1,473	2,035
2010	노원구	하계1동	31,414	15,298	16,116	2,990	1,043	1,947
2010	노원구	하계2동	26,437	12,909	13,528	2,154	838	1,316
2010	노원구	중계본동	31,124	15,384	15,740	2,225	848	1,377
2010	노원구	중계1동	31,221	15,308	15,913	1,854	673	1,181
2010	노원구	중계4동	23,452	11,458	11,994	2,436	969	1,467
2010	노원구	상계1동	44,905	22,200	22,705	4,369	1,850	2,519
2010	노원구	상계2동	23,283	11,568	11,715	2,132	942	1,190
2010	노원구	상계5동	24,879	12,200	12,679	2,620	1,078	1,542
2010	노원구	상계8동	27,713	13,299	14,414	1,994	712	1,282
2010	노원구	상계9동	25,479	12,408	13,071	2,031	766	1,265
2010	노원구	상계10동	21,134	10,027	11,107	1,705	603	1,102
2010	노원구	공릉1.3동	41,498	20,403	21,095	3,736	1,597	2,139
2010	노원구	상계3.4동	41,279	20,784	20,495	5,258	2,227	3,031
2010	노원구	상계6.7동	38,042	17,999	20,043	3,120	1,163	1,957
2010	노원구	중계2.3동	43,092	20,365	22,727	5,012	1,822	3,190
2010	은평구	소계	492,925	242,564	250,361	53,650	23,386	30,264
2010	은평구	녹번동	36,539	17,805	18,734	4,289	1,869	2,420
2010	은평구	불광1동	39,064	19,171	19,893	4,431	1,889	2,542
2010	은평구	갈현1동	27,042	13,392	13,650	2,754	1,209	1,545
2010	은평구	갈현2동	28,248	13,680	14,568	2,813	1,225	1,588
2010	은평구	구산동	33,947	17,508	16,439	3,734	1,855	1,879
2010	은평구	대조동	31,881	15,328	16,553	3,719	1,631	2,088
2010	은평구	응암1동	33,131	16,212	16,919	3,456	1,514	1,942
2010	은평구	응암2동	20,155	10,017	10,138	2,522	1,073	1,449
2010	은평구	신사1동	28,027	13,797	14,230	2,766	1,258	1,508
2010	은평구	신사2동	23,892	12,090	11,802	2,292	982	1,310
2010	은평구	증산동	22,135	10,997	11,138	2,394	1,074	1,320
2010	은평구	수색동	20,930	10,466	10,464	2,572	1,049	1,523
2010	은평구	진관동	41,238	19,951	21,287	4,005	1,608	2,397
2010	은평구	불광2동	31,351	15,387	15,964	3,713	1,618	2,095
2010	은평구	응암3동	28,045	13,875	14,170	3,448	1,468	1,980
2010	은평구	역촌동	47,300	22,888	24,412	4,742	2,064	2,678
2010	서대문구	소계	333,871	162,823	171,048	39,221	16,609	22,612
2010	서대문구	천연동	20,842	10,174	10,668	2,569	1,006	1,563
2010	서대문구	홍제1동	28,845	13,897	14,948	3,494	1,474	2,020
2010	서대문구	홍제3동	20,908	10,211	10,697	2,790	1,153	1,637
2010	서대문구	홍제2동	16,427	7,907	8,520	1,863	769	1,094
2010	서대문구	홍은1동	27,470	13,470	14,000	3,457	1,453	2,004
2010	서대문구	홍은2동	30,380	15,013	15,367	3,451	1,483	1,968
2010	서대문구	남가좌1동	4,729	2,367	2,362	629	281	348
2010	서대문구	남가좌2동	31,921	15,682	16,239	3,762	1,610	2,152
2010	서대문구	북가좌1동	10,756	5,419	5,337	1,241	572	669
2010	서대문구	북가좌2동	35,394	17,465	17,929	3,959	1,719	2,240
2010	서대문구	충현동	24,370	12,083	12,287	3,073	1,279	1,794
2010	서대문구	북아현동	15,997	7,694	8,303	1,821	736	1,085
2010	서대문구	신촌동	21,459	9,714	11,745	1,914	816	1,098
2010	서대문구	연희동	44,373	21,727	22,646	5,198	2,258	2,940
2010	마포구	소계	400,464	195,145	205,319	41,237	17,556	23,681
2010	마포구	용강동	21,549	10,429	11,120	2,178	898	1,280
2010	마포구	대흥동	16,181	7,879	8,302	1,740	735	1,005
2010	마포구	염리동	18,908	9,341	9,567	2,103	880	1,223
2010	마포구	신수동	23,859	11,796	12,063	2,402	1,057	1,345
2010	마포구	서교동	29,760	13,967	15,793	2,993	1,366	1,627
2010	마포구	합정동	21,507	10,533	10,974	2,096	946	1,150
2010	마포구	망원1동	25,114	12,325	12,789	2,495	1,080	1,415
2010	마포구	망원2동	21,907	10,688	11,219	2,110	905	1,205
2010	마포구	연남동	20,777	10,060	10,717	2,248	974	1,274
2010	마포구	성산1동	21,019	10,291	10,728	2,189	960	1,229
2010	마포구	성산2동	41,880	20,382	21,498	4,110	1,647	2,463
2010	마포구	상암동	30,964	15,271	15,693	2,780	1,135	1,645
2010	마포구	도화동	24,017	11,674	12,343	2,864	1,223	1,641
2010	마포구	서강동	27,870	13,413	14,457	2,442	1,036	1,406
2010	마포구	공덕동	36,995	18,271	18,724	4,367	1,835	2,532
2010	마포구	아현동	18,157	8,825	9,332	2,120	879	1,241
2010	양천구	소계	505,223	251,368	253,855	38,965	16,147	22,818
2010	양천구	목1동	33,967	16,579	17,388	1,897	773	1,124
2010	양천구	목2동	32,254	15,995	16,259	2,493	1,015	1,478
2010	양천구	목3동	23,576	11,647	11,929	1,934	798	1,136
2010	양천구	목4동	29,308	14,670	14,638	1,982	772	1,210
2010	양천구	신월1동	25,458	13,053	12,405	2,098	934	1,164
2010	양천구	신월2동	21,121	10,594	10,527	1,878	809	1,069
2010	양천구	신월3동	19,028	9,762	9,266	1,742	717	1,025
2010	양천구	신월4동	19,324	9,666	9,658	1,710	778	932
2010	양천구	신월5동	16,447	8,130	8,317	1,367	589	778
2010	양천구	신월6동	14,549	7,350	7,199	1,289	537	752
2010	양천구	신월7동	26,488	13,270	13,218	2,524	1,045	1,479
2010	양천구	신정1동	25,612	12,618	12,994	1,852	760	1,092
2010	양천구	신정2동	23,165	11,521	11,644	1,668	673	995
2010	양천구	신정3동	49,366	24,500	24,866	3,835	1,558	2,277
2010	양천구	신정6동	27,555	13,492	14,063	1,586	615	971
2010	양천구	신정7동	34,087	16,924	17,163	3,103	1,180	1,923
2010	양천구	목5동	46,647	23,173	23,474	2,764	1,070	1,694
2010	양천구	신정4동	37,271	18,424	18,847	3,243	1,524	1,719
2010	강서구	소계	580,506	286,324	294,182	50,189	20,854	29,335
2010	강서구	염창동	42,912	21,259	21,653	2,638	1,059	1,579
2010	강서구	등촌1동	21,771	10,783	10,988	1,847	794	1,053
2010	강서구	등촌2동	22,781	11,450	11,331	1,693	734	959
2010	강서구	등촌3동	38,157	18,268	19,889	4,106	1,458	2,648
2010	강서구	화곡본동	36,755	18,107	18,648	2,799	1,212	1,587
2010	강서구	화곡2동	21,063	10,387	10,676	1,664	756	908
2010	강서구	화곡3동	24,305	11,858	12,447	2,176	946	1,230
2010	강서구	화곡4동	23,284	11,620	11,664	2,063	912	1,151
2010	강서구	화곡6동	25,284	12,547	12,737	2,029	879	1,150
2010	강서구	화곡8동	27,888	13,709	14,179	2,303	1,069	1,234
2010	강서구	가양1동	21,369	10,759	10,610	1,475	640	835
2010	강서구	가양2동	18,492	8,917	9,575	2,380	816	1,564
2010	강서구	가양3동	19,459	9,402	10,057	2,292	836	1,456
2010	강서구	발산1동	33,861	16,388	17,473	2,462	966	1,496
2010	강서구	공항동	22,657	11,812	10,845	2,175	950	1,225
2010	강서구	방화1동	31,986	16,090	15,896	2,801	1,194	1,607
2010	강서구	방화2동	26,583	13,171	13,412	3,008	1,227	1,781
2010	강서구	방화3동	28,080	13,636	14,444	3,026	1,167	1,859
2010	강서구	화곡1동	53,298	26,431	26,867	4,479	2,048	2,431
2010	강서구	우장산동	40,521	19,730	20,791	2,773	1,191	1,582
2010	구로구	소계	452,667	229,189	223,478	38,829	17,387	21,442
2010	구로구	신도림동	37,302	18,524	18,778	2,668	1,195	1,473
2010	구로구	구로1동	29,950	15,147	14,803	1,429	558	871
2010	구로구	구로3동	28,333	14,388	13,945	2,034	927	1,107
2010	구로구	구로4동	30,043	15,143	14,900	2,834	1,222	1,612
2010	구로구	구로5동	34,048	17,238	16,810	2,778	1,276	1,502
2010	구로구	고척1동	26,739	13,481	13,258	2,411	1,045	1,366
2010	구로구	고척2동	31,706	16,123	15,583	2,872	1,315	1,557
2010	구로구	개봉2동	35,670	17,653	18,017	3,131	1,496	1,635
2010	구로구	개봉3동	22,474	11,224	11,250	2,077	939	1,138
2010	구로구	오류1동	21,643	10,846	10,797	2,229	992	1,237
2010	구로구	오류2동	29,613	15,008	14,605	2,852	1,292	1,560
2010	구로구	수궁동	25,688	12,947	12,741	2,347	1,017	1,330
2010	구로구	가리봉동	23,204	12,671	10,533	1,799	791	1,008
2010	구로구	구로2동	38,654	19,804	18,850	3,884	1,736	2,148
2010	구로구	개봉1동	37,600	18,992	18,608	3,484	1,586	1,898
2010	금천구	소계	264,544	135,717	128,827	23,675	10,478	13,197
2010	금천구	가산동	25,184	14,054	11,130	1,719	810	909
2010	금천구	독산1동	37,956	19,742	18,214	3,157	1,407	1,750
2010	금천구	독산2동	24,825	12,595	12,230	1,977	870	1,107
2010	금천구	독산3동	32,079	16,314	15,765	2,736	1,226	1,510
2010	금천구	독산4동	20,676	10,568	10,108	1,662	772	890
2010	금천구	시흥1동	34,578	17,569	17,009	3,433	1,539	1,894
2010	금천구	시흥2동	25,737	12,849	12,888	2,474	1,073	1,401
2010	금천구	시흥3동	12,924	6,549	6,375	1,479	646	833
2010	금천구	시흥4동	25,291	12,749	12,542	2,296	987	1,309
2010	금천구	시흥5동	25,294	12,728	12,566	2,742	1,148	1,594
2010	영등포구	소계	445,648	225,127	220,521	42,083	18,650	23,433
2010	영등포구	여의동	34,978	16,851	18,127	4,185	1,844	2,341
2010	영등포구	당산1동	22,115	11,102	11,013	2,332	1,057	1,275
2010	영등포구	당산2동	34,188	16,826	17,362	3,246	1,406	1,840
2010	영등포구	양평1동	17,331	8,752	8,579	1,691	736	955
2010	영등포구	양평2동	22,094	11,248	10,846	1,683	724	959
2010	영등포구	신길1동	26,767	13,564	13,203	2,578	1,137	1,441
2010	영등포구	신길3동	20,595	10,308	10,287	2,116	888	1,228
2010	영등포구	신길4동	14,551	7,365	7,186	1,484	621	863
2010	영등포구	신길5동	21,610	10,961	10,649	1,953	846	1,107
2010	영등포구	신길6동	26,396	13,229	13,167	2,543	1,076	1,467
2010	영등포구	신길7동	19,876	9,943	9,933	1,745	714	1,031
2010	영등포구	대림1동	21,475	10,957	10,518	1,842	823	1,019
2010	영등포구	대림2동	26,339	13,253	13,086	2,135	1,005	1,130
2010	영등포구	대림3동	32,771	16,651	16,120	2,564	1,170	1,394
2010	영등포구	영등포본동	29,051	14,810	14,241	2,521	1,129	1,392
2010	영등포구	영등포동	20,076	11,301	8,775	2,386	1,157	1,229
2010	영등포구	도림동	22,778	11,640	11,138	2,071	924	1,147
2010	영등포구	문래동	32,657	16,366	16,291	3,008	1,393	1,615
2010	동작구	소계	413,814	203,608	210,206	42,368	18,690	23,678
2010	동작구	노량진2동	17,729	8,803	8,926	2,011	863	1,148
2010	동작구	상도1동	40,625	19,999	20,626	4,211	1,842	2,369
2010	동작구	상도2동	26,915	13,151	13,764	2,799	1,223	1,576
2010	동작구	상도3동	25,095	12,353	12,742	2,829	1,262	1,567
2010	동작구	상도4동	30,399	15,153	15,246	3,203	1,420	1,783
2010	동작구	사당1동	24,377	11,716	12,661	2,152	1,017	1,135
2010	동작구	사당3동	25,517	12,560	12,957	2,580	1,196	1,384
2010	동작구	사당4동	15,516	7,612	7,904	1,573	698	875
2010	동작구	사당5동	15,924	7,938	7,986	1,479	666	813
2010	동작구	대방동	40,939	20,018	20,921	3,665	1,570	2,095
2010	동작구	신대방1동	29,976	14,768	15,208	2,493	1,112	1,381
2010	동작구	신대방2동	21,133	10,332	10,801	2,018	918	1,100
2010	동작구	흑석동	33,752	16,502	17,250	4,240	1,787	2,453
2010	동작구	노량진1동	34,898	17,524	17,374	3,890	1,635	2,255
2010	동작구	사당2동	31,019	15,179	15,840	3,225	1,481	1,744
2010	관악구	소계	549,736	278,445	271,291	50,350	22,709	27,641
2010	관악구	보라매동	30,162	14,984	15,178	2,717	1,215	1,502
2010	관악구	청림동	17,383	8,588	8,795	1,760	723	1,037
2010	관악구	행운동	30,382	15,109	15,273	2,730	1,264	1,466
2010	관악구	낙성대동	18,281	9,446	8,835	1,451	653	798
2010	관악구	중앙동	15,248	7,545	7,703	1,624	741	883
2010	관악구	인헌동	29,010	14,430	14,580	2,522	1,157	1,365
2010	관악구	남현동	18,026	8,710	9,316	1,687	785	902
2010	관악구	서원동	27,588	13,826	13,762	2,142	977	1,165
2010	관악구	신원동	20,978	10,377	10,601	2,184	965	1,219
2010	관악구	서림동	24,903	13,650	11,253	2,189	983	1,206
2010	관악구	신사동	27,530	13,804	13,726	2,186	1,009	1,177
2010	관악구	신림동	21,265	10,545	10,720	1,320	614	706
2010	관악구	난향동	18,323	9,180	9,143	1,640	738	902
2010	관악구	조원동	19,891	10,042	9,849	1,828	857	971
2010	관악구	대학동	23,455	14,000	9,455	1,809	829	980
2010	관악구	은천동	38,464	19,131	19,333	3,486	1,564	1,922
2010	관악구	성현동	35,444	17,497	17,947	3,663	1,572	2,091
2010	관악구	청룡동	34,976	17,569	17,407	3,115	1,485	1,630
2010	관악구	난곡동	32,167	16,459	15,708	3,347	1,489	1,858
2010	관악구	삼성동	30,926	15,661	15,265	3,847	1,673	2,174
2010	관악구	미성동	35,334	17,892	17,442	3,103	1,416	1,687
2010	서초구	소계	440,021	213,200	226,821	37,028	16,844	20,184
2010	서초구	서초1동	21,671	10,538	11,133	1,780	810	970
2010	서초구	서초2동	23,996	11,891	12,105	1,876	882	994
2010	서초구	서초3동	31,709	15,852	15,857	2,879	1,394	1,485
2010	서초구	서초4동	31,664	15,449	16,215	2,456	1,159	1,297
2010	서초구	잠원동	37,639	17,976	19,663	2,688	1,104	1,584
2010	서초구	반포본동	13,650	6,465	7,185	1,425	673	752
2010	서초구	반포1동	32,225	15,327	16,898	2,112	930	1,182
2010	서초구	반포2동	22,063	10,485	11,578	1,863	839	1,024
2010	서초구	반포3동	24,705	11,873	12,832	2,004	852	1,152
2010	서초구	반포4동	21,431	10,271	11,160	1,658	750	908
2010	서초구	방배본동	22,248	10,536	11,712	2,010	926	1,084
2010	서초구	방배1동	17,483	8,426	9,057	1,591	733	858
2010	서초구	방배2동	28,542	13,834	14,708	2,624	1,213	1,411
2010	서초구	방배3동	26,770	13,099	13,671	2,440	1,117	1,323
2010	서초구	방배4동	26,859	12,610	14,249	2,312	1,098	1,214
2010	서초구	양재1동	26,834	12,960	13,874	2,610	1,124	1,486
2010	서초구	양재2동	24,082	12,186	11,896	1,773	800	973
2010	서초구	내곡동	6,450	3,422	3,028	927	440	487
2010	강남구	소계	577,070	277,932	299,138	44,095	19,312	24,783
2010	강남구	신사동	21,323	10,011	11,312	2,095	970	1,125
2010	강남구	논현1동	28,338	13,319	15,019	2,007	921	1,086
2010	강남구	논현2동	24,078	11,340	12,738	2,038	940	1,098
2010	강남구	삼성1동	16,623	8,450	8,173	1,393	661	732
2010	강남구	삼성2동	32,736	15,736	17,000	2,224	1,048	1,176
2010	강남구	대치1동	26,825	13,186	13,639	1,593	742	851
2010	강남구	대치4동	22,323	10,523	11,800	1,354	624	730
2010	강남구	역삼1동	37,109	17,709	19,400	2,441	1,166	1,275
2010	강남구	역삼2동	34,948	16,516	18,432	2,343	1,072	1,271
2010	강남구	도곡1동	22,273	10,700	11,573	1,636	712	924
2010	강남구	도곡2동	34,668	16,446	18,222	2,626	1,260	1,366
2010	강남구	개포1동	22,338	10,692	11,646	1,570	661	909
2010	강남구	개포4동	24,727	12,123	12,604	1,669	688	981
2010	강남구	일원본동	23,531	11,420	12,111	1,462	568	894
2010	강남구	일원1동	19,421	9,523	9,898	1,905	714	1,191
2010	강남구	일원2동	19,834	9,750	10,084	1,578	556	1,022
2010	강남구	수서동	17,651	8,078	9,573	2,399	829	1,570
2010	강남구	세곡동	5,193	2,678	2,515	760	358	402
2010	강남구	압구정동	29,811	13,915	15,896	3,303	1,543	1,760
2010	강남구	청담동	32,161	15,513	16,648	2,717	1,232	1,485
2010	강남구	대치2동	45,167	22,992	22,175	2,829	1,281	1,548
2010	강남구	개포2동	35,992	17,312	18,680	2,153	766	1,387
2010	송파구	소계	693,144	339,868	353,276	53,005	22,863	30,142
2010	송파구	풍납1동	20,927	10,310	10,617	1,860	839	1,021
2010	송파구	풍납2동	29,363	14,295	15,068	2,244	1,000	1,244
2010	송파구	거여1동	16,423	8,310	8,113	1,257	543	714
2010	송파구	거여2동	29,739	15,117	14,622	2,632	1,088	1,544
2010	송파구	마천1동	19,813	10,021	9,792	1,975	819	1,156
2010	송파구	마천2동	23,676	12,090	11,586	2,404	998	1,406
2010	송파구	방이1동	17,776	8,728	9,048	1,219	516	703
2010	송파구	방이2동	26,267	12,921	13,346	1,993	890	1,103
2010	송파구	오륜동	20,706	10,076	10,630	1,288	582	706
2010	송파구	오금동	39,725	19,771	19,954	3,224	1,369	1,855
2010	송파구	송파1동	28,276	13,513	14,763	2,058	913	1,145
2010	송파구	송파2동	20,771	10,185	10,586	1,521	638	883
2010	송파구	석촌동	36,435	17,744	18,691	2,586	1,144	1,442
2010	송파구	삼전동	35,799	17,189	18,610	2,226	875	1,351
2010	송파구	가락본동	30,377	15,224	15,153	2,051	888	1,163
2010	송파구	가락1동	15,785	7,779	8,006	1,259	486	773
2010	송파구	가락2동	36,772	18,202	18,570	2,289	966	1,323
2010	송파구	문정1동	23,160	11,410	11,750	1,639	710	929
2010	송파구	문정2동	16,323	7,975	8,348	1,864	881	983
2010	송파구	장지동	37,579	18,511	19,068	2,850	1,073	1,777
2010	송파구	잠실본동	32,189	15,305	16,884	2,129	915	1,214
2010	송파구	잠실4동	31,620	15,458	16,162	2,448	1,047	1,401
2010	송파구	잠실6동	17,758	8,536	9,222	1,553	702	851
2010	송파구	잠실7동	10,952	5,198	5,754	1,263	605	658
2010	송파구	잠실2동	36,960	17,740	19,220	2,206	972	1,234
2010	송파구	잠실3동	37,973	18,260	19,713	2,967	1,404	1,563
2010	강동구	소계	496,939	248,588	248,351	39,413	16,649	22,764
2010	강동구	강일동	21,636	10,600	11,036	1,897	779	1,118
2010	강동구	상일동	28,904	14,488	14,416	1,995	787	1,208
2010	강동구	명일1동	29,124	14,320	14,804	2,167	846	1,321
2010	강동구	명일2동	19,139	9,674	9,465	1,231	500	731
2010	강동구	고덕1동	23,991	12,006	11,985	1,720	613	1,107
2010	강동구	고덕2동	18,840	9,667	9,173	1,578	627	951
2010	강동구	암사2동	16,519	8,145	8,374	1,182	520	662
2010	강동구	암사3동	19,392	9,547	9,845	1,318	548	770
2010	강동구	천호1동	33,358	16,778	16,580	2,834	1,254	1,580
2010	강동구	천호3동	27,768	14,016	13,752	2,682	1,174	1,508
2010	강동구	성내1동	21,901	10,889	11,012	1,655	745	910
2010	강동구	성내2동	27,514	13,687	13,827	2,482	1,108	1,374
2010	강동구	성내3동	25,666	12,860	12,806	1,986	860	1,126
2010	강동구	둔촌1동	20,759	10,717	10,042	1,107	408	699
2010	강동구	둔촌2동	30,132	14,932	15,200	2,399	983	1,416
2010	강동구	암사1동	40,183	20,150	20,033	3,387	1,469	1,918
2010	강동구	천호2동	39,458	19,860	19,598	3,713	1,646	2,067
2010	강동구	길동	52,655	26,252	26,403	4,080	1,782	2,298